00000
00000
00000
00010
00000
00000
00000
00100
00000
10000
00000
00000
00000
00000
00100
10000
00000
00010
01000
10000
00000
10100
00100
00010
01000
00000
00100
00000
00000
00000
00000
00000
00001
00000
00000
10000
00000
00100
00001
00000
10000
00000
00010
00000
00100
00000
00000
00000
00000
10000
00000
00000
00001
10000
00000
00011
00010
00000
00000
00000
00000
10000
00000
01001
00000
00000
00000
00000
00000
10000
00000
10100
00010
00000
00001
00000
00000
00000
00000
00001
00000
00111
00000
00000
00000
00000
00001
00000
00001
00000
00000
01000
01000
00000
00000
00000
00000
00000
00000
00101
00000
01001
00000
10000
10010
00000
01001
00110
00000
00100
00000
00000
01001
00001
00000
00000
00010
00000
10000
00000
