00000
00000
00000
00000
00000
00000
00000
00000
00000
00000
00000
00000
10000
00000
00000
00000
00000
00000
00000
00000
00000
00000
00000
00001
00000
00000
00000
00000
01000
00000
11000
00000
00000
00000
00000
00000
00000
01000
00000
00000
00000
00000
00100
00000
00000
00000
00000
00100
00000
00000
00000
00000
00000
00000
00000
00000
00000
00000
00000
00000
00010
00000
00000
00000
00000
00000
00000
00000
00010
00000
00000
00100
00001
00000
01000
00000
00000
00000
00000
00001
00000
00000
00000
00000
00000
00000
00000
00100
00000
00000
00000
00000
00000
00000
00000
00000
00000
00000
01000
01000
10000
00000
00000
10000
00000
00000
10001
00000
00000
00000
00000
00000
00000
00100
00000
00000
00001
10000
00000
00000
