00000
00000
00000
00010
11100
01000
00001
00010
01000
00000
00000
00000
00000
00000
00000
00011
00000
00010
00100
00010
00000
00010
01000
00000
00110
00100
00100
10011
01011
10100
10110
10010
00000
00011
00000
00000
00100
00010
00010
00000
00000
10100
00010
00000
00000
10000
00001
00000
00000
01100
10000
10000
00010
01110
00000
00011
00001
00010
11001
00001
00000
00001
00000
00000
00110
00100
00010
01000
01100
00101
01000
00000
10010
00010
00010
00000
11110
00000
01100
00000
00010
10000
01010
00000
00110
01010
00000
10000
11111
00000
10100
00000
01010
00000
00000
00000
00000
10100
10100
00100
10000
00001
10000
00100
00001
10010
01000
00010
10100
00100
00100
00001
00110
00110
00000
00000
00000
00000
00000
00100
