10010
00110
10101
11001
01010
01111
11010
11000
10010
10010
00001
01011
10010
01001
00001
10100
01100
10110
01101
10000
00110
10010
00001
00111
00011
11010
11010
00001
01110
00001
00101
11011
00100
01000
11101
00100
10100
11001
10011
01101
11111
10010
10101
00001
11000
00010
11010
01000
00010
10101
00100
01000
00011
10001
00100
10011
10101
10101
11110
10010
10011
01011
10011
11011
11100
00000
11010
01111
01001
10010
00111
10001
00100
10110
01001
10000
00100
11001
10100
10101
11101
01010
11000
10100
11100
01111
00110
00010
00101
10001
00100
10001
11111
11010
10010
01001
10111
01110
11100
11111
10101
00101
11110
10000
00010
00000
11000
11010
01010
11010
00001
01110
01100
11101
01101
11010
10011
00101
11111
01010
