11100
11100
11100
11010
11010
11000
11000
01110
11010
11000
11010
11000
11000
11101
11101
11000
11000
11000
11000
11100
11010
11010
11010
11000
11010
11101
11000
11000
11010
11100
11100
11100
11101
11010
11000
11101
11101
11010
01100
11000
11100
11000
11101
11000
11100
11000
11110
11010
11000
11100
11100
11010
11010
11000
11010
11100
11010
11100
11000
11101
11101
11100
11101
11000
11000
11000
11010
11101
11100
11101
11010
11100
11000
11101
11101
11000
11011
11100
11100
11010
11010
11100
11000
11000
11101
11101
11010
11001
11010
11101
11100
11101
11100
11100
11101
11010
11010
11010
11101
11000
11100
11000
11010
11010
11101
11000
11000
11010
11000
11000
11000
11000
11010
11000
11010
11010
11000
11101
11010
11010
