11100
11101
01100
11010
11010
01100
11110
01100
11010
11000
11010
11000
11001
11101
10111
11000
11000
11000
11000
01100
11010
11010
11010
11000
11010
11101
11010
11100
11011
11010
10100
11100
11101
11010
11000
11101
11101
11010
11100
11000
11101
11000
11101
11000
11100
11000
11100
11010
10000
01000
01100
11010
11010
11000
11011
11100
11010
11100
01000
11100
01101
11100
01101
11000
10000
11000
11010
11101
11100
11101
11010
01100
11000
11111
11100
10100
11010
11110
00010
11010
10110
10100
11000
10000
11101
11101
11000
11001
01010
10101
11100
11101
11100
01100
11101
01110
11110
01011
11101
11000
11100
11000
11010
11010
11101
01000
11000
11010
11000
11000
11100
11000
11010
01000
11011
11010
11000
11101
00010
00000
