11100
11000
10101
10100
11010
11000
11100
10101
11010
11000
11110
11000
11000
11101
11101
11010
11100
11000
11010
11100
11100
01010
10010
11010
11110
01100
11110
11000
10011
00100
11101
01000
11001
01010
01000
10101
11100
11010
01010
10000
11100
10100
00101
11010
01010
01000
11100
11011
00000
10100
01100
11011
11010
01101
11011
11100
11010
11000
11000
00101
11101
11100
11101
11100
11000
11000
11010
11101
11011
10101
11010
00000
11000
01101
11101
00110
11011
11100
11000
11010
11010
11100
11100
11000
10001
11101
01011
11010
11001
10101
11110
10000
10111
10110
11101
01010
00010
01010
11001
01000
11100
01001
01010
01011
01111
11001
11100
10100
11000
01010
10000
11000
11010
11010
01010
11010
11010
11101
11011
00010
