00101
01101
10110
00101
10100
00001
11000
01010
11010
10000
01111
01110
01110
11001
01101
11110
11010
01000
10100
01001
00111
01101
10101
10000
11100
01000
11100
00001
10011
00011
01000
00000
01100
00000
10101
01001
01100
10010
00101
11101
01111
10010
01111
01000
00000
01111
01100
10100
01001
01111
11000
10010
10101
01000
11101
01010
00111
01111
00000
01111
10001
10000
00100
11000
01110
00010
01000
10111
00111
01101
10100
00101
00111
10100
01010
00001
11101
11010
10000
10111
11100
11100
10011
10011
01010
00000
11000
00110
10111
10111
11100
11001
00000
00010
11110
00111
01010
01111
00010
11101
10011
11010
11100
00001
11111
11111
01011
10010
11001
01110
00000
01100
10000
11100
01111
00001
00001
00101
10001
01100
