11100
11100
11100
11010
11000
10100
11000
11000
11010
11010
11010
11000
11000
11101
11101
11000
11000
11100
11000
11100
11010
11110
11000
11000
11010
11101
11001
01000
11010
11000
11100
01100
11101
01110
11000
11101
11101
11010
11100
01000
11101
11000
11101
11000
11000
11000
11100
11010
01000
10100
11100
11010
11010
11000
11000
11100
11010
11100
10000
11100
11111
11000
11101
11000
11001
11000
11010
11101
11110
11101
11011
11100
11000
11101
11101
11000
11010
11100
11100
11010
11010
10100
11000
11001
11101
11101
11010
11000
11010
10101
11100
11111
11100
11100
11101
11010
11010
11111
11101
11000
11100
01000
11000
11010
11101
11000
11000
11010
11010
11000
11000
11000
11010
10000
11010
11011
11010
11001
11010
11010
