01000
01111
01111
11000
10101
01100
10110
00011
01100
00100
01110
11101
10011
01111
00110
10001
11001
10000
11001
10110
01010
11110
11100
00001
11100
01111
10111
10111
00110
00101
00100
10001
00111
01111
01010
10100
11011
00001
01101
11010
01111
00011
11111
11111
01100
11110
01101
11100
00111
10111
01010
11010
01010
01111
10100
00111
10000
01010
10111
00110
11101
01001
00110
00000
11000
11110
00000
01001
11101
11011
00111
01110
11001
00001
10110
00001
01011
00010
00011
11110
00001
10011
10010
10001
10100
11111
11011
01100
10100
01110
00100
11010
01001
00011
00101
10101
00010
00111
10000
01001
11100
11110
10101
00001
01010
10001
11101
01011
10001
11000
00101
00111
00110
01101
10110
10101
10010
11011
00010
11110
