00000
00100
00000
00000
00000
00100
00000
00000
00000
00000
00000
01000
00100
00000
00000
00001
00000
01000
00001
00000
01000
00000
00000
01000
00010
00010
00000
00100
00001
00000
00000
00000
00100
10000
00010
00000
00000
00000
00000
00000
00000
00000
00000
00001
00000
00000
00000
00000
01000
00000
00000
00000
00000
10000
00000
00000
00000
00000
00000
10000
00100
00000
00000
00000
00000
00000
00100
00001
00000
00000
00101
00000
01000
00000
00000
01000
00000
00000
00000
00000
00000
00000
00000
10001
00000
00000
00000
00000
00000
00000
01000
00000
00000
01000
00000
00000
00000
00001
00100
00000
00000
01000
00100
00000
00001
00000
00000
00001
00000
00000
00000
00010
00000
00000
00000
10000
00000
00000
00000
00000
