00100
00000
10000
00000
00000
10010
00010
10000
00001
01100
00000
00000
00000
00000
00000
00000
00000
00010
00100
00000
00000
00000
10010
00000
00010
00000
01010
00100
00110
00100
00000
01100
10000
10000
00000
00000
00010
00000
00100
00000
00000
01000
00000
00000
00000
00000
00000
00000
00000
00000
10010
00000
10000
00000
00000
00101
00000
00000
00000
00010
00000
10000
01000
00000
00000
00000
00000
01000
00000
00000
00000
00001
00000
01000
10000
00000
00000
00000
01000
00000
00000
00000
00000
01000
00000
00000
00000
00000
00010
00000
00000
00000
01000
01000
00000
00000
10001
00001
00001
00000
00000
00010
00000
00000
00000
10000
00000
00000
00000
00000
00000
00000
00000
00000
00000
00000
00100
01000
10101
00000
