00000
00101
00000
00010
00010
10001
00000
00100
11100
00010
00000
00000
00100
00100
00101
00000
00000
01110
11000
00001
00010
00000
01000
00011
01101
01000
00000
00000
00100
10000
10101
00100
10000
00001
00110
00000
10011
10000
00000
00011
00000
01000
11000
10000
00000
10000
00000
01000
00100
00000
00000
00100
00000
10001
10010
00110
00010
10000
00000
00101
00011
10000
00001
01000
01001
11000
00000
01000
01000
00000
00110
01010
00000
00000
00000
00010
00000
00000
00001
00010
00010
00000
00111
00001
00100
00100
00011
10000
10010
11001
00100
00000
01011
10001
00000
00000
00000
10001
01001
10000
00000
00000
00000
00110
00000
01001
00001
00000
01010
00101
00001
00101
00000
00001
00100
00000
01010
00000
10000
00101
