000011100000010
000011100000010
000000100000010
000000100000010
000000100000010
000000100000010
000000100000010
000000100000010
000000100000010
000000100000010
000000100000010
000000100000010
010000100000010
100011100000010
000000100000000
000000100000000
000000100000000
000000100000000
000000100000000
000000100000000
000000100000000
000000100000000
000000100000000
000000100000000
010001100000010
110101100001000
111101100101010
000001100000010
000001100000010
000001100000010
000001100000010
000001100000010
000001100000010
000001100000010
000001100000010
000001100000010
000001100000010
000001100000010
000001100000010
000000000000010
000000000000010
000000000000010
000000000000010
000000000000010
000000000000010
000000000000010
000000000000010
000000000000010
000001100000000
000001100000000
000001100000000
000001100000000
000001100000000
000001100000000
000000000000000
000000000000000
000000000000000
000000000000000
000000000000000
000000000000000
000000000000000
000000000000000
000000000000000
000000000000000
000000000000000
000000000000000
000000000000000
000000000000000
000000000000000
000000000000000
000000000000000
000000000000000
000000000000000
000000000000000
000000000000000
100101100001000
010000100000000
110111100101000
000000000010000
110101100001000
110101100001000
000100000000000
000100000000000
111101100001000
000001000000010
100101100001010
000000100001000