011111010000000
000000000000000
000000000000000
000000000000000
000000000000000
000000000000000
000000000000000
000000000000000
000000000000000
000000000000000
000000000000000
000000000000000
000000000000000
000000000000000
000000000000000
000000000000000
000000000000000
000000000000000
000000000000000
000000000000000
000000000000000
000000000000000
000000000000000
000000000000000
000000000000000
000000000000000
000000000000000
000000000000000
000000000000000
000000000000000
000000000000000
000000000000000
000000000000000
000000000000000
000000000000000
000000000000000
000000000000000
000000000000000
000000000000000
000000000000000
000000000000000
000000000000000
000000000000000
000000000000000
000000000000000
000000000000000
000000000000000
000000000000000
000000000000000
000000000000000
000000000000000
000000000000000
000000000000000
000000000000000
000000000000000
000000000000000
000000000000000
000000000000000
000000000000000
000000000000000
000000000000000
000000000000000
000000000000000
000000000000000
000000000000000
000000000000000
000000000000000
000000000000000
000000000000000
000000000000000
000000000000000
000000000000000
000000000000000
000000000000000
000000000000000
000000000000000
000000000000000
000000000000000
000000000000000
000000000000000
000000000000000
000000000000000
000000000000000
000000000000000
000000000000000
000000000000000
000000000000000
000000000000000
000000000000000
000000000000000
000000000000000
011001010000000
011000000000000
111100000000000
111100000000000
111100000000000
111100000000000
111100000000000
111000000000000
111000000000000
000000010000000
010000000000000
010000000000000
010000000000000
010000000000000
010000000000000
010000000000000
010000000000000
010000000000000
010000000000000
010000000000000
010000000000000
010000000000000
010000000000000
010000000000000
010000000000000
010000000000000
010000000000000
010000000000000
010000000000000
010000000000000
010000000000000
010000000000000
101101000000000
101101000000000
101101000000000
111101000000000
111101000000000
111101000000000
111101000000000
111101000000000
111101000000000
111101000000000
111101000000000
111101000000000
111101000000000
111101000000000
111101000000000
111101000000000
111101000000000
111101000000000
111101000000000
111101000000000
111101000000000
111101000000000
111101000000000
111101000000000
111101000000000
111101000000000
111101000000000
111101000000000
111101000000000
111101000000000
111101000000000
111101000000000
111101000000000
111101000000000
111101000000000
111101000000000
111101000000000
111101000000000
111101000000000
111101000000000
111101000000000
111101000000000
111101010000000
111101010000000
111101010000000
111101010000000
111101010000000
111101010000000
111101010000000
111101010000000
111101010000000
111101010000000
111101010000000
111101010000000
111101010000000
111101010000000
111101010000000
111101010000000
111101010000000
111101010000000
111101010000000
111101010000000
111101010000000
111101010000000
111101010000000
111101010000000
001101000000000
111100010000000
111100010000000
111100010000000
111100010000000
111100010000000
111100010000000
111100010000000
011001000000000
011100000000000
011101000000000
011101000000000
011101000000000
100101010000000
100101010000000
100101010000000
100101010000000
000100010000000
101110010000000
101100010000000
101100010000000
101100010000000
101100010000000
101100010000000
111111010000000
111111010000000
111111010000000
111111010000000
111111010000000
111111010000000
111111010000000
111111010000000
111111010000000
111101010000000
101101010000000
101101010000000
110111010000000
110111010000000
110111010000000
111110010000000
110001000000000
110001000000000
110100000000000
110100000000000
001111010000000
101011010000000
100100000000000
111011010000000
110110010000000
110110010000000
110110010000000
110110010000000
110110010000000
110110010000000
110100010000000
110100010000000
110100010000000
101111010000000
101111010000000
101111010000000