000010101000010
000000101000010
000000101000010
000000101000010
000000101000010
110100101000000
110100101000000
110100101000000
110100101000000
110100101000000
110100101000000
110100101000000
110100101000000
110100101000010
110100101000010
110100101000010
110100101000010
110100101000010
110100101000010
110100101000010
110100101000010
110100101000010
110100101000010
110100101000010
110100101000010
110100101000010
110100101000010
110100101000010
110100101000010
110100101000010
110100101000010
110100101000010
110100101000010
110100101000010
110100101000010
110100101000010
110100101000010
110100101000010
110100101000010
110100101000010
110100101000010
110100101000010
110100101000010
110100101000010
110100101000010
110100101000010
110100101000010
110100101000010
110100101000010
110100101000010
110100101000010
110100101000010
110100101000010
110100101000010
110100101000010
110100101000010
110100101000010
000000001000000
000000001000000
000000001000000
000000001000000
000000001000000
000000001000000
000000001000000
000000001000000
000000001000000
000000001000000
000000001000000
000000001000000
000000001000000
000000001000000
000000001000000
000000001000000
000000001000000
000000001000000
000000001000000
000000001000000
000000001000000
000000001000000
000000001000000
000000001000000
000000001000000
000000001000000
000000001000000
000000001000000
110100101000010
110100101000010
110100101000010
110100101000010
110100101000010
110100101000010
110100101000010
110100101000010
110100101000010
110100101000010
110100101000010
110100101000010
110100101000010
110100101000010
110100101000010
110100101000010
110100101000010
110100101000010
110100101000010
010000001000010
000000101000000
000000101000000
000000101000000
000000101000010
000000101000010
000000101000010
000000101000010
000000101000010
000000101000010
000000101000010
000000101000010
000000101000010
000000101000010
000000101000010
000000101000010
000000101000010
000000101000010
000000101000010
000000101000010
111100101000010
111100101000010
111100101000010
111100101000010
111100101000010
111100101000010
111100101000010
111100101000010
111100101000010
001000001000000
010000001000000
111100101000010
111100101000010
111100101000010
111100101000010
111100101000010
111100101000010
100100101000010
111100101000000
111100101000000
111100101000000
111100101000000
111100101000000
111100101000000
111100101000000
111100101000000
000000001000010
000000001000010
100100001000000
010000101000000
010000101000000
010000101000000
010000101000000
010000101000000
010000101000000
010000101000010
010000101000010
010000101000010
110100001000010
110100001000010
110100001000010
010000101000010
010000101000010
010000101000010
010000101000010
010000101000010
000000001000000
000000001000000
100100101000010
100100001000010
100100001000000
000000101000000
000000101000000
000000101000000
000000101000000
000000101000000
000000101000000
101100101000010
011000101000000
100100101000000
110100101000000
110100101000000
110100101000000
110100101000000
110100101000000
010000101000000