000000001000000
000000001000000
000000001000000
000000001000000
000000001000000
000000001000000
000000001000000
000000001000000
000000001000000
000000001000000
000000001000000
000000001000000
000000001000000
000000001000000
000000001000000
000000001000000
000000001000000
000000001000000
000000001000000
000000001000000
000000001000000
000000001000000
000000001000000
000000001000000
000000001000000
000000001000000
000000001000000
000000001000000
000000001000000
000000001100000
000000001100000
100001101000000
000001101001100
000001101001100
000000011000000
000000101000000
000000101000000
000000101000000
000000101000000
000000101000000
000000101000000
000000101000000
000000101000000
000000101000000
101000111000100
101000111000100
101000111000100
000000001000000
111001111011100
111001111011100
111001111011100
111001111011100
111001111011100
111001111011100
111001101000100
111001101000100
111001101000100
111001101000100
111001101000100
111001101000100
101001111000100
101001111000100
100001101000000
100000101000000
100001101000000
100001101000000
100001101000000
100001101001100
100000101000000
101001111011100
101001111011100
101001111011100
101001111011100
101001111011100
100000001000000
101000111000000
101000111000000
101000111000000
101001111001100
101001111001100
000000101000000
000000101000000
000000101000000
100000001000000
011001001000000
101001111000100