000000000110000
000000000110000
000000000110000
000000000110000
000000000110000
000000000110000
000000000110000
000000000110000
000000000110000
000000000110000
000000000110000
000000000110000
000000000110000
000000000110000
000000000110000
000000000110000
000000000110000
000000000110000
000000000110000
000000000110000
000000000110000
000000000110000
000000000110000
000000000110000
000000000110000
000000000110000
000000000110000
000000000110000
000000000010000
000000000010000
000000000010000
000000000010000
000000000010000
000000000010000
000000000010000
000000000110001
000000000110001
000000000110001
000000000110001
000000000110001