100101011001000
100101011001100
100101011001100
100101011001100
100101011001100
100101011001000
100101001001100
100101001001100
100101001001100
100101001001100
100101001001100
100101001001100
100101001001100
100101001001100
100101001001100
100101001001100
100101001001100
100101001001100
100101001001100
100101001001100
100101001001100
100101001001100
100101011001100
100101011001100
100100011001000
000100011001100
100101001001000
100101001001000
100101001001000
100101001001000
100101001001000
100101001001000
100101001001000
100101001001000
000101001001100
100100001001100
100101001001000
100101001001000
100101001001000
100101001001000
100101001001000
000101001001000
100100001001000
100100001001000
100100001001000
000101001001000
100100001001000
100100001001000
100100001001000
100100001001000