000011100000010
000011100000010
000000100000010
000000100000010
000000100000010
000000100000010
000000100000010
000000100000010
000000100000010
000000100000010
000000100000010
000000100000010
010000100000010
100011100000010
000000100000000
000000100000000
000000100000000
000000100000000
000000100000000
000000100000000
000000100000000
000000100000000
000000100000000
000000100000000
010001100000010
110101100001000
111101100101010
000001100000010
000001100000010
000001100000010
000001100000010
000001100000010
000001100000010
000001100000010
000001100000010
000001100000010
000001100000010
000001100000010
000001100000010
000000000000010
000000000000010
000000000000010
000000000000010
000000000000010
000000000000010
000000000000010
000000000000010
000000000000010
000001100000000
000001100000000
000001100000000
000001100000000
000001100000000
000001100000000
000000000000000
000000000000000
000000000000000
000000000000000
000000000000000
000000000000000
000000000000000
000000000000000
000000000000000
000000000000000
000000000000000
000000000000000
000000000000000
000000000000000
000000000000000
000000000000000
000000000000000
000000000000000
000000000000000
000000000000000
000000000000000
100101100001000
010000100000000
110111100101000
000000000010000
110101100001000
110101100001000
000100000000000
000100000000000
111101100001000
000001000000010
100101100001010
000000100001000
000010101000010
000000101000010
000000101000010
000000101000010
000000101000010
110100101000000
110100101000000
110100101000000
110100101000000
110100101000000
110100101000000
110100101000000
110100101000000
110100101000010
110100101000010
110100101000010
110100101000010
110100101000010
110100101000010
110100101000010
110100101000010
110100101000010
110100101000010
110100101000010
110100101000010
110100101000010
110100101000010
110100101000010
110100101000010
110100101000010
110100101000010
110100101000010
110100101000010
110100101000010
110100101000010
110100101000010
110100101000010
110100101000010
110100101000010
110100101000010
110100101000010
110100101000010
110100101000010
110100101000010
110100101000010
110100101000010
110100101000010
110100101000010
110100101000010
110100101000010
110100101000010
110100101000010
110100101000010
110100101000010
110100101000010
110100101000010
110100101000010
000000001000000
000000001000000
000000001000000
000000001000000
000000001000000
000000001000000
000000001000000
000000001000000
000000001000000
000000001000000
000000001000000
000000001000000
000000001000000
000000001000000
000000001000000
000000001000000
000000001000000
000000001000000
000000001000000
000000001000000
000000001000000
000000001000000
000000001000000
000000001000000
000000001000000
000000001000000
000000001000000
000000001000000
110100101000010
110100101000010
110100101000010
110100101000010
110100101000010
110100101000010
110100101000010
110100101000010
110100101000010
110100101000010
110100101000010
110100101000010
110100101000010
110100101000010
110100101000010
110100101000010
110100101000010
110100101000010
110100101000010
010000001000010
000000101000000
000000101000000
000000101000000
000000101000010
000000101000010
000000101000010
000000101000010
000000101000010
000000101000010
000000101000010
000000101000010
000000101000010
000000101000010
000000101000010
000000101000010
000000101000010
000000101000010
000000101000010
000000101000010
111100101000010
111100101000010
111100101000010
111100101000010
111100101000010
111100101000010
111100101000010
111100101000010
111100101000010
001000001000000
010000001000000
111100101000010
111100101000010
111100101000010
111100101000010
111100101000010
111100101000010
100100101000010
111100101000000
111100101000000
111100101000000
111100101000000
111100101000000
111100101000000
111100101000000
111100101000000
000000001000010
000000001000010
100100001000000
010000101000000
010000101000000
010000101000000
010000101000000
010000101000000
010000101000000
010000101000010
010000101000010
010000101000010
110100001000010
110100001000010
110100001000010
010000101000010
010000101000010
010000101000010
010000101000010
010000101000010
000000001000000
000000001000000
100100101000010
100100001000010
100100001000000
000000101000000
000000101000000
000000101000000
000000101000000
000000101000000
000000101000000
101100101000010
011000101000000
100100101000000
110100101000000
110100101000000
110100101000000
110100101000000
110100101000000
010000101000000
100111101100100
110111111111100
110111111111100
110111111111100
110111111111100
110111111011100
100111111011100
100111111111110
100111111011110
110111111011110
110111111011110
110111111111110
110111011111110
110111111111110
110111111111110
110111111111110
110111111111110
110111111111110
110111111111110
110111111111110
110111111111110
110101111111110
011000001000000
011000001000000
011000001000000
011000001000000
011000001000000
011000001000000
001000001000001
001000001000000
011111101110011
011111101110011
011101101000000
011101101000010
011101101000010
011100101100011
011101101000011
011101101100011
001101101100011
000000000000000
000000000000000
010000000000000
010000000000011