111011111101100
111011111101100
111011111101100
111011111101100
110011111101100
110011111101100
110011111101100
110011111101100
110011111101100
110011111101100
110011111101100
110011111101100
110011111101100
110011111101100
111001001100000
111001001100000
111001001100000
111001001100000
111001001000000
111001001000000
111001001000000
111001001000000
111001001000000
111001001000000
111001001000000
000000001000000
000000001000000
000000001000000
111010011010000
111010011010000
111010011010000
111010011010000
111010011010000
111010011010000
111010001010000
001010001010001
001010001010001
001010001010001
111111111111111
111111111111101
111111111111101
111111011111101
111111011111110
111111011111110
111111111111100
011111011011101
110111011101101
110111011101101
000000000110000
000000000110000
000000000110000
000000000110000
000000000110000
000000000110000
000000000110000
000000000110000
000000000110000
000000000110000
000000000110000
000000000110000
000000000110000
000000000110000
000000000110000
000000000110000
000000000110000
000000000110000
000000000110000
000000000110000
000000000110000
000000000110000
000000000110000
000000000110000
000000000110000
000000000110000
000000000110000
000000000110000
000000000010000
000000000010000
000000000010000
000000000010000
000000000010000
000000000010000
000000000010000
000000000110001
000000000110001
000000000110001
000000000110001
000000000110001
100101011001000
100101011001100
100101011001100
100101011001100
100101011001100
100101011001000
100101001001100
100101001001100
100101001001100
100101001001100
100101001001100
100101001001100
100101001001100
100101001001100
100101001001100
100101001001100
100101001001100
100101001001100
100101001001100
100101001001100
100101001001100
100101001001100
100101011001100
100101011001100
100100011001000
000100011001100
100101001001000
100101001001000
100101001001000
100101001001000
100101001001000
100101001001000
100101001001000
100101001001000
000101001001100
100100001001100
100101001001000
100101001001000
100101001001000
100101001001000
100101001001000
000101001001000
100100001001000
100100001001000
100100001001000
000101001001000
100100001001000
100100001001000
100100001001000
100100001001000
000000000000010
000000000000010
000000000000010
000000000000010
000000000000010
000000000000010
000000000000010
000000000000010
000000000000010
000000000000010
000000000000010
010000100000010
010000100000010
010000100000000
001000100001010
001000100001010