000011100000010
000011100000010
000000100000010
000000100000010
000000100000010
000000100000010
000000100000010
000000100000010
000000100000010
000000100000010
000000100000010
000000100000010
010000100000010
100011100000010
000000100000000
000000100000000
000000100000000
000000100000000
000000100000000
000000100000000
000000100000000
000000100000000
000000100000000
000000100000000
010001100000010
110101100001000
111101100101010
000001100000010
000001100000010
000001100000010
000001100000010
000001100000010
000001100000010
000001100000010
000001100000010
000001100000010
000001100000010
000001100000010
000001100000010
000000000000010
000000000000010
000000000000010
000000000000010
000000000000010
000000000000010
000000000000010
000000000000010
000000000000010
000001100000000
000001100000000
000001100000000
000001100000000
000001100000000
000001100000000
000000000000000
000000000000000
000000000000000
000000000000000
000000000000000
000000000000000
000000000000000
000000000000000
000000000000000
000000000000000
000000000000000
000000000000000
000000000000000
000000000000000
000000000000000
000000000000000
000000000000000
000000000000000
000000000000000
000000000000000
000000000000000
100101100001000
010000100000000
110111100101000
000000000010000
110101100001000
110101100001000
000100000000000
000100000000000
111101100001000
000001000000010
100101100001010
000000100001000
000010101000010
000000101000010
000000101000010
000000101000010
000000101000010
110100101000000
110100101000000
110100101000000
110100101000000
110100101000000
110100101000000
110100101000000
110100101000000
110100101000010
110100101000010
110100101000010
110100101000010
110100101000010
110100101000010
110100101000010
110100101000010
110100101000010
110100101000010
110100101000010
110100101000010
110100101000010
110100101000010
110100101000010
110100101000010
110100101000010
110100101000010
110100101000010
110100101000010
110100101000010
110100101000010
110100101000010
110100101000010
110100101000010
110100101000010
110100101000010
110100101000010
110100101000010
110100101000010
110100101000010
110100101000010
110100101000010
110100101000010
110100101000010
110100101000010
110100101000010
110100101000010
110100101000010
110100101000010
110100101000010
110100101000010
110100101000010
110100101000010
000000001000000
000000001000000
000000001000000
000000001000000
000000001000000
000000001000000
000000001000000
000000001000000
000000001000000
000000001000000
000000001000000
000000001000000
000000001000000
000000001000000
000000001000000
000000001000000
000000001000000
000000001000000
000000001000000
000000001000000
000000001000000
000000001000000
000000001000000
000000001000000
000000001000000
000000001000000
000000001000000
000000001000000
110100101000010
110100101000010
110100101000010
110100101000010
110100101000010
110100101000010
110100101000010
110100101000010
110100101000010
110100101000010
110100101000010
110100101000010
110100101000010
110100101000010
110100101000010
110100101000010
110100101000010
110100101000010
110100101000010
010000001000010
000000101000000
000000101000000
000000101000000
000000101000010
000000101000010
000000101000010
000000101000010
000000101000010
000000101000010
000000101000010
000000101000010
000000101000010
000000101000010
000000101000010
000000101000010
000000101000010
000000101000010
000000101000010
000000101000010
111100101000010
111100101000010
111100101000010
111100101000010
111100101000010
111100101000010
111100101000010
111100101000010
111100101000010
001000001000000
010000001000000
111100101000010
111100101000010
111100101000010
111100101000010
111100101000010
111100101000010
100100101000010
111100101000000
111100101000000
111100101000000
111100101000000
111100101000000
111100101000000
111100101000000
111100101000000
000000001000010
000000001000010
100100001000000
010000101000000
010000101000000
010000101000000
010000101000000
010000101000000
010000101000000
010000101000010
010000101000010
010000101000010
110100001000010
110100001000010
110100001000010
010000101000010
010000101000010
010000101000010
010000101000010
010000101000010
000000001000000
000000001000000
100100101000010
100100001000010
100100001000000
000000101000000
000000101000000
000000101000000
000000101000000
000000101000000
000000101000000
101100101000010
011000101000000
100100101000000
110100101000000
110100101000000
110100101000000
110100101000000
110100101000000
010000101000000
100111101100100
110111111111100
110111111111100
110111111111100
110111111111100
110111111011100
100111111011100
100111111111110
100111111011110
110111111011110
110111111011110
110111111111110
110111011111110
110111111111110
110111111111110
110111111111110
110111111111110
110111111111110
110111111111110
110111111111110
110111111111110
110101111111110
011000001000000
011000001000000
011000001000000
011000001000000
011000001000000
011000001000000
001000001000001
001000001000000
011111101110011
011111101110011
011101101000000
011101101000010
011101101000010
011100101100011
011101101000011
011101101100011
001101101100011
000000000000000
000000000000000
010000000000000
010000000000011
111011111101100
111011111101100
111011111101100
111011111101100
110011111101100
110011111101100
110011111101100
110011111101100
110011111101100
110011111101100
110011111101100
110011111101100
110011111101100
110011111101100
111001001100000
111001001100000
111001001100000
111001001100000
111001001000000
111001001000000
111001001000000
111001001000000
111001001000000
111001001000000
111001001000000
000000001000000
000000001000000
000000001000000
111010011010000
111010011010000
111010011010000
111010011010000
111010011010000
111010011010000
111010001010000
001010001010001
001010001010001
001010001010001
111111111111111
111111111111101
111111111111101
111111011111101
111111011111110
111111011111110
111111111111100
011111011011101
110111011101101
110111011101101
000000000110000
000000000110000
000000000110000
000000000110000
000000000110000
000000000110000
000000000110000
000000000110000
000000000110000
000000000110000
000000000110000
000000000110000
000000000110000
000000000110000
000000000110000
000000000110000
000000000110000
000000000110000
000000000110000
000000000110000
000000000110000
000000000110000
000000000110000
000000000110000
000000000110000
000000000110000
000000000110000
000000000110000
000000000010000
000000000010000
000000000010000
000000000010000
000000000010000
000000000010000
000000000010000
000000000110001
000000000110001
000000000110001
000000000110001
000000000110001
100101011001000
100101011001100
100101011001100
100101011001100
100101011001100
100101011001000
100101001001100
100101001001100
100101001001100
100101001001100
100101001001100
100101001001100
100101001001100
100101001001100
100101001001100
100101001001100
100101001001100
100101001001100
100101001001100
100101001001100
100101001001100
100101001001100
100101011001100
100101011001100
100100011001000
000100011001100
100101001001000
100101001001000
100101001001000
100101001001000
100101001001000
100101001001000
100101001001000
100101001001000
000101001001100
100100001001100
100101001001000
100101001001000
100101001001000
100101001001000
100101001001000
000101001001000
100100001001000
100100001001000
100100001001000
000101001001000
100100001001000
100100001001000
100100001001000
100100001001000
000000000000010
000000000000010
000000000000010
000000000000010
000000000000010
000000000000010
000000000000010
000000000000010
000000000000010
000000000000010
000000000000010
010000100000010
010000100000010
010000100000000
001000100001010
001000100001010
101100100000000
101100100000000
101100100000000
101100100000000
001000000000000
101100000000000
100100100000000
001100100000100
011111010000000
000000000000000
000000000000000
000000000000000
000000000000000
000000000000000
000000000000000
000000000000000
000000000000000
000000000000000
000000000000000
000000000000000
000000000000000
000000000000000
000000000000000
000000000000000
000000000000000
000000000000000
000000000000000
000000000000000
000000000000000
000000000000000
000000000000000
000000000000000
000000000000000
000000000000000
000000000000000
000000000000000
000000000000000
000000000000000
000000000000000
000000000000000
000000000000000
000000000000000
000000000000000
000000000000000
000000000000000
000000000000000
000000000000000
000000000000000
000000000000000
000000000000000
000000000000000
000000000000000
000000000000000
000000000000000
000000000000000
000000000000000
000000000000000
000000000000000
000000000000000
000000000000000
000000000000000
000000000000000
000000000000000
000000000000000
000000000000000
000000000000000
000000000000000
000000000000000
000000000000000
000000000000000
000000000000000
000000000000000
000000000000000
000000000000000
000000000000000
000000000000000
000000000000000
000000000000000
000000000000000
000000000000000
000000000000000
000000000000000
000000000000000
000000000000000
000000000000000
000000000000000
000000000000000
000000000000000
000000000000000
000000000000000
000000000000000
000000000000000
000000000000000
000000000000000
000000000000000
000000000000000
000000000000000
000000000000000
000000000000000
011001010000000
011000000000000
111100000000000
111100000000000
111100000000000
111100000000000
111100000000000
111000000000000
111000000000000
000000010000000
010000000000000
010000000000000
010000000000000
010000000000000
010000000000000
010000000000000
010000000000000
010000000000000
010000000000000
010000000000000
010000000000000
010000000000000
010000000000000
010000000000000
010000000000000
010000000000000
010000000000000
010000000000000
010000000000000
010000000000000
010000000000000
010000000000000
101101000000000
101101000000000
101101000000000
111101000000000
111101000000000
111101000000000
111101000000000
111101000000000
111101000000000
111101000000000
111101000000000
111101000000000
111101000000000
111101000000000
111101000000000
111101000000000
111101000000000
111101000000000
111101000000000
111101000000000
111101000000000
111101000000000
111101000000000
111101000000000
111101000000000
111101000000000
111101000000000
111101000000000
111101000000000
111101000000000
111101000000000
111101000000000
111101000000000
111101000000000
111101000000000
111101000000000
111101000000000
111101000000000
111101000000000
111101000000000
111101000000000
111101000000000
111101010000000
111101010000000
111101010000000
111101010000000
111101010000000
111101010000000
111101010000000
111101010000000
111101010000000
111101010000000
111101010000000
111101010000000
111101010000000
111101010000000
111101010000000
111101010000000
111101010000000
111101010000000
111101010000000
111101010000000
111101010000000
111101010000000
111101010000000
111101010000000
001101000000000
111100010000000
111100010000000
111100010000000
111100010000000
111100010000000
111100010000000
111100010000000
011001000000000
011100000000000
011101000000000
011101000000000
011101000000000
100101010000000
100101010000000
100101010000000
100101010000000
000100010000000
101110010000000
101100010000000
101100010000000
101100010000000
101100010000000
101100010000000
111111010000000
111111010000000
111111010000000
111111010000000
111111010000000
111111010000000
111111010000000
111111010000000
111111010000000
111101010000000
101101010000000
101101010000000
110111010000000
110111010000000
110111010000000
111110010000000
110001000000000
110001000000000
110100000000000
110100000000000
001111010000000
101011010000000
100100000000000
111011010000000
110110010000000
110110010000000
110110010000000
110110010000000
110110010000000
110110010000000
110100010000000
110100010000000
110100010000000
101111010000000
101111010000000
101111010000000
101111101110100
101111001010100
101111101110101
101111101110101
101111101110101
101111101110101
101111101110101
111111101110101
111111101110101
111111101110101
111111101110101
111111101110101
111111101110101
111111001010100
111111001110100
111111001110101
111111001110101
111111101110100
111111101110100
111111101010100
101111001010101
101111001010101
101111001010101
101111001110101
101111001110101
101111001010101
110100001000000
111101000010000
101001000000000
100001000000000
000000001000000
000000001000000
000000001000000
000000001000000
000000001000000
000000001000000
000000001000000
000000001000000
000000001000000
000000001000000
000000001000000
000000001000000
000000001000000
000000001000000
000000001000000
000000001000000
000000001000000
000000001000000
000000001000000
000000001000000
000000001000000
000000001000000
000000001000000
000000001000000
000000001000000
000000001000000
000000001000000
000000001000000
000000001000000
000000001100000
000000001100000
100001101000000
000001101001100
000001101001100
000000011000000
000000101000000
000000101000000
000000101000000
000000101000000
000000101000000
000000101000000
000000101000000
000000101000000
000000101000000
101000111000100
101000111000100
101000111000100
000000001000000
111001111011100
111001111011100
111001111011100
111001111011100
111001111011100
111001111011100
111001101000100
111001101000100
111001101000100
111001101000100
111001101000100
111001101000100
101001111000100
101001111000100
100001101000000
100000101000000
100001101000000
100001101000000
100001101000000
100001101001100
100000101000000
101001111011100
101001111011100
101001111011100
101001111011100
101001111011100
100000001000000
101000111000000
101000111000000
101000111000000
101001111001100
101001111001100
000000101000000
000000101000000
000000101000000
100000001000000
011001001000000
101001111000100
000000100000000
101100110000110
101101110001110
101101110001110
001000000000000
000000000000000