01011
10001
00011
11011
10001
11011
11000
01000
11101
01001
11001
11010
11001
11101
10111
10011
01000
11101
11001
11001
10011
00001
11001
10001
01001
00001
10100
01001
01001
00011
01011
00001
01001
01001
01001
11001
01000
11001
01001
11000
11001
10110
01000
11001
00011
01001
11001
10001
11011
11001
11001
11011
10001
01011
01101
00011
10001
11001
11001
11010
01011
01001
01001
01011
01001
01011
10011
01001
11001
11001
11000
11101
11101
11101
01011
01101
11001
01101
11001
11111
01011
00011
10011
01011
11001
11111
11001
11101
11011
01101
01101
10001
11001
01000
01101
01001
01011
11011
11011
00001
11001
01001
01001
01101
01101
01001
01001
11010
11001
01001
10001
01011
01101
01001
11100
10000
01001
11001
11010
10000
