00001
11100
10011
10010
01111
00100
10110
01110
11101
00010
01100
01111
11111
01111
10101
11010
01100
11010
01001
00011
00100
10100
01011
10010
00101
00000
11110
00001
01010
00010
00110
11010
00011
11000
01100
10000
10010
10001
10000
01011
00111
00100
00010
01001
01101
11111
01000
00011
11010
10000
00110
10101
11111
01000
00000
00110
10101
01100
00000
01010
10011
01100
10100
01010
01010
10000
00011
00011
11010
00000
01100
11111
10110
00110
10110
11111
11100
01110
10001
11001
00100
01010
10001
11111
00111
10011
01010
10011
10000
10101
01100
10110
01010
11110
00111
01011
10001
11010
00110
10010
00110
01001
11000
10100
00100
10010
10011
00100
00011
01100
01000
10011
11010
00111
11111
01110
01011
01000
00101
11010
