01001
01001
01001
01001
11001
01001
01001
11001
11001
01001
11001
01001
11001
11001
11001
11001
01001
11001
11001
11001
11001
00001
11001
11001
01001
01001
11001
01001
11001
01001
01001
01001
00001
01001
01001
11001
01001
11001
11001
01001
11001
11001
01001
11001
11001
01001
01001
11001
11001
11001
11001
11001
01001
01001
01001
01001
11001
01001
01001
01001
01001
10001
01000
01001
01001
01001
11001
10001
11001
11001
01001
11001
11001
01001
01001
01001
11001
01001
01001
11011
11001
01001
01001
01001
11001
11001
01001
11001
11001
01001
01001
11001
11001
11001
01011
01001
01001
01001
11001
01001
01001
01011
01001
01001
01001
01001
01001
11001
01001
01001
11001
01001
11001
01001
11001
11001
01001
10001
11001
11001
