01001
01011
01101
01001
11001
01001
01001
11001
11001
01001
11001
01001
11001
01001
11001
11000
01101
11001
11001
11001
11001
10001
11001
11000
01000
01010
11001
11001
11001
01001
01001
01001
01001
01001
01001
11101
01001
11001
11001
01001
11001
11001
01001
11001
11001
00001
00001
11011
11001
00001
11001
10001
01001
01001
01001
01011
10001
01001
01001
01001
01101
11001
01001
01011
01001
01001
11001
11001
10001
11001
01001
11001
01001
01001
01001
01001
01011
01001
01001
11001
10001
01001
01001
01001
11001
01001
01001
11001
11001
01001
01001
11001
11001
11001
01101
01101
01001
01001
11001
01001
01001
01001
01001
01001
01001
01001
01001
11001
01001
11101
11001
01001
11001
01001
10001
01001
01001
11001
11011
11000
