01001
01001
11001
01001
00011
01001
01001
11001
11000
01001
11101
00001
11001
11011
10001
11001
00001
11011
11001
11011
11001
01001
11011
01000
01001
01001
01001
00001
11001
01001
00001
01010
01001
01001
01111
11011
01001
11001
11001
01101
11001
11001
00001
11001
11001
01011
01011
11001
01001
10001
10001
11001
01000
01001
01001
01001
11001
11001
01001
01000
01001
11101
01111
01001
11001
01101
11001
10001
01001
11001
01001
11001
11101
01001
01001
01001
00001
01101
01110
11011
01000
01001
01001
11001
11001
11001
01001
11001
11011
01001
01011
11001
11001
11001
00001
01001
01001
01011
11001
11001
01001
01001
01011
01001
01001
01011
01001
11001
01001
01001
11001
01001
11001
01011
11001
01001
01001
11100
10010
11001
