01001
01001
01001
01001
11001
01001
01001
11001
11001
01001
11001
01001
11001
11001
11001
11001
01001
11001
11001
11001
11001
01001
11001
11001
01001
01001
11001
01001
11001
01001
01001
01001
01001
01001
01001
11001
01001
11001
11001
01001
11001
11001
01001
11001
11001
01001
01001
11001
11001
11001
11001
11001
01001
01001
01001
01001
11001
01001
01001
01001
01001
11001
01001
01001
01001
01001
11001
11001
11001
11001
01001
11001
11001
01001
01001
01001
11001
01001
01001
11001
11001
01001
01001
01001
11001
11001
01001
11001
11001
01001
01001
11001
11001
11001
01001
01001
01001
01001
11001
01001
01001
01001
01001
01001
01001
01001
01001
11001
01001
01001
11001
01001
11001
01001
11001
11001
01001
11001
11001
11001
