10001
11100
01100
11111
01110
01000
00011
00000
01011
01110
00110
11111
11010
10111
10100
11001
00010
11101
01110
00101
01101
00110
00110
01110
10010
10111
10010
11101
10011
11010
11100
10000
10101
00011
10111
01000
00101
11101
01011
11001
01001
00111
11001
10000
11000
11001
10011
11001
10000
00100
00000
10001
00010
10000
10010
00001
01111
00111
10001
11111
11001
01010
00111
01101
10010
10101
11010
10010
11000
00110
10111
10110
11101
11110
00011
11001
00011
00001
11000
11100
10100
10110
00111
01011
01111
00100
11010
11101
11100
11011
11001
00011
11110
00010
10011
00010
00000
10010
11011
01100
01011
11111
10110
01111
10000
01011
11101
01011
11101
00100
00100
00111
00010
00010
01100
10111
10111
11101
11000
00111
