01000
01000
00111
10000
00100
10000
00100
00000
00000
00000
00000
00000
10000
00001
00000
00000
11000
00000
11000
01100
10100
01100
00000
00000
10100
00010
00000
00000
00110
00000
10000
00000
00001
01101
01101
10010
01000
00000
01000
00110
01000
01100
00000
00000
00010
00000
01100
00001
00010
00001
01010
01000
10010
01010
00001
00100
00000
00010
01000
00000
00010
00000
00010
01010
00010
10100
00001
00010
10000
00010
10000
01011
01000
10001
01000
00000
00000
11100
00000
11110
01000
00101
00000
00000
00010
00001
00100
00000
00010
00000
00100
10001
10000
01000
00010
00000
00000
01000
10100
00000
00000
00101
01000
01000
10000
00010
00000
00010
00000
01001
00000
00000
00100
10001
00110
00100
00000
01000
00000
00100
