00110
00000
00000
00000
00001
00000
00000
00000
00000
00010
01000
00000
00000
00000
10000
10000
00010
01000
00010
00000
01000
10010
10000
00000
00000
00000
00000
01000
00001
00010
01000
00000
01100
00000
00000
00000
00000
00000
01000
10000
00000
10000
10000
00000
00000
00010
00000
00010
00000
00001
00100
00001
00011
00000
00000
00010
00000
00000
01000
00000
00000
00000
00010
10000
00000
00000
00000
00010
00100
00100
00010
01000
00000
00010
00000
00100
00000
00000
10100
00000
00000
00000
00000
00000
00100
00000
00000
00000
00000
00000
00000
00001
00000
00000
10000
00000
00001
00000
00000
00100
00000
00001
00000
00010
00000
01100
00000
00100
00010
00000
00000
00010
00000
00001
00000
00000
00100
00000
00000
00000
