00000
11000
00000
10010
00001
00000
00000
00000
10000
00001
00000
00000
00000
00000
00000
00001
00000
00000
00000
00000
10000
01010
00000
00010
00100
00100
00000
00001
00000
01000
00110
00100
00000
00000
01100
00000
00000
00100
00000
00000
00010
10000
01010
00011
00001
00000
00001
00000
00010
00000
00000
10000
00000
00011
11000
00000
00000
00000
00000
00010
00000
00000
00000
10100
00001
00010
00000
00000
00000
00000
00000
01000
00000
00000
00000
00000
00000
00000
10010
00000
00000
00000
00101
00000
00000
00000
10010
00100
00000
00010
01000
00101
00100
00100
00000
10000
00000
00000
00001
00000
10010
00100
01000
00001
10100
00010
10000
01000
00001
00000
00000
00100
00000
00000
00010
00101
00001
00000
00001
00000
