10000
10111
11110
01010
00111
11110
01000
11110
01010
01010
10010
01111
11110
11001
00011
01000
11100
01111
00011
00001
11110
11001
01011
00001
10000
00100
01111
01110
10000
01101
10111
11111
10100
00000
01111
01101
11001
10110
11011
11011
11000
11101
11110
01101
01010
10110
10101
11000
10111
00100
00111
10110
01111
01101
10000
00010
01011
11011
11011
00110
10011
11011
11010
01101
11100
11010
01000
00010
10110
01010
11100
11111
10010
11001
01111
01001
10111
01001
00101
00000
01011
10010
00010
00101
10011
11110
01000
01010
00011
01000
11000
01111
00011
11100
11100
00011
10111
11000
01101
00111
10110
11001
00111
10101
00011
00100
00010
11001
01100
01101
11010
00110
01011
11100
11000
11110
00011
01001
00010
01110
