01100
00000
01100
00000
10010
01001
10000
00000
00100
00000
00000
00100
00000
10000
00000
00000
10000
00000
00000
00000
00001
00000
00010
00000
00000
00000
00010
00000
00000
00000
00000
00000
10000
00001
00100
00010
00100
01000
00000
01001
00000
10000
00010
00000
00000
00001
00000
11000
00010
00000
00100
00000
00100
10000
10000
00000
10000
00001
00100
00000
01100
10000
00010
00001
01100
00000
00010
00010
00001
00000
01100
10100
11000
00000
00000
00100
00000
00000
00010
01000
00100
00000
01000
00000
10000
00001
00000
00010
10010
10000
11000
00100
00000
01000
00001
00000
10000
10000
00000
00000
00100
01001
00010
00000
00000
00110
10100
10000
00000
01100
00100
00001
01010
01001
10110
01010
00010
00100
00000
10011
