11010
01101
10010
11101
11010
11010
10010
01010
11101
11101
10101
11101
11010
11101
11010
10111
10110
11010
00001
11010
10111
10101
11101
10010
10101
00101
11010
11010
00001
11101
10101
10101
00001
10111
11101
10101
10101
00100
00101
10101
10110
11101
10101
11010
01001
00101
00101
10010
11101
11010
10101
00101
11101
10010
11101
10110
11010
10010
10010
10101
10101
11010
10010
00101
10101
11111
10010
11010
10010
11101
10101
10000
10001
11101
00101
00100
00101
11010
11101
00111
11101
11011
11101
10101
10010
00101
11010
10010
10101
11010
10010
11101
11101
10010
11100
10010
10010
11010
00101
11101
01101
10010
10111
10010
10010
10101
00101
10101
10111
10101
11010
10101
00101
11111
10010
11101
11010
10101
11010
11000
