11010
00000
01010
11101
01010
11011
10010
00010
11101
01101
01111
11101
11110
10100
10100
10101
11010
11110
01100
11010
10101
10001
11101
10010
10101
00101
11000
11110
00101
11111
10101
10011
10101
11101
11111
10001
00100
00011
10101
11100
01010
11100
10001
11110
01101
10101
01101
10011
11101
01100
01101
00100
10001
01010
11111
00100
01010
10010
10011
11101
10101
01010
10011
00101
00000
11100
10010
11010
10110
10101
01100
10010
10101
11101
00001
00101
00101
11010
11101
00010
10101
11010
00001
10101
00010
00101
00100
10011
10101
11110
10010
11101
10101
10110
11101
11110
10010
01011
00111
11110
01101
10000
11000
11001
11000
10101
10101
01101
00010
10001
01010
10101
00100
01101
00011
01111
11011
10001
10100
11010
