01000
11111
10110
11101
11001
01010
10010
11000
11000
00000
01101
00100
01011
10111
00101
11011
00011
11010
10011
11010
11101
00000
01011
00100
10001
10101
11100
11000
10101
10001
00000
01000
10010
11010
10101
10011
00000
00001
01100
11100
01101
01001
11001
01011
00111
01000
10001
00011
10101
00011
00000
10111
10111
00000
01101
01110
01101
00010
11100
10100
01110
11110
11010
01010
00101
11010
00100
00111
00001
01101
00110
11110
11001
00100
00101
10011
11111
01000
10111
11110
01101
10100
00100
01010
11011
10010
00011
10101
10011
10110
11111
11011
10101
11001
10110
00101
01111
11000
11011
10000
01111
10010
10001
01110
01100
10110
11000
00101
00111
01010
11111
11010
10111
11011
01001
11111
11101
00110
10010
11011
