11010
00101
10010
11101
11010
10010
10010
11010
11101
10101
10101
11101
11010
11101
11010
10101
11010
11010
10111
11010
10101
10101
11101
10010
10101
00101
11010
11010
00101
11101
10101
10101
00101
10101
11101
10101
10101
00101
10101
10101
10010
11101
00101
11010
11101
00101
00101
10010
11101
01010
00101
00100
11101
10010
11101
10010
11010
10000
10010
00101
11101
11010
10010
00101
10101
11101
10010
11010
10010
10101
10100
10010
10101
11101
00101
00101
00101
11010
11101
00101
11101
11010
11101
10101
10010
00101
11010
10011
10101
11010
10010
11101
10101
10010
11101
10010
10010
11010
00100
11101
00101
10010
10101
10010
10010
10101
00101
10101
10010
10101
11010
10101
10101
11101
10010
11101
11010
10101
11010
11010
