11010
00101
10010
11101
10010
10010
10011
11000
11001
10101
10100
11101
11011
01101
11010
10101
01110
11100
10101
11010
10101
10101
11101
10011
10101
01111
11010
11010
00101
11101
00101
10101
00101
10101
11101
10101
10101
00111
10001
10100
10100
10101
00101
11010
11101
00101
00101
10010
11101
11010
00101
00101
11101
10010
11101
10010
11010
10010
10010
01101
01001
01010
10010
00101
10101
11100
10010
11010
10010
00101
10101
00010
10101
01101
00101
01101
00101
11010
11101
00101
11101
11010
01101
10101
10000
00100
10110
10010
10111
00100
10010
10001
11101
10010
10101
10010
10010
11000
00100
01101
01101
10010
10101
10010
00010
10101
10001
10001
00011
10101
11010
10101
10101
11101
10010
11101
01010
10101
11010
11010
