11010
00101
10010
11101
11010
10010
10010
11010
11101
10101
10101
11101
11010
11101
11010
10101
11010
11010
00101
11010
10101
10101
11101
10010
10101
00101
11010
11010
00101
11101
10101
10101
00101
10101
11101
10101
10101
00101
10101
10101
10010
11101
00101
11010
11101
00101
00101
10010
11101
11010
00101
00101
11101
10010
11101
10010
11010
10010
10010
00101
11101
11010
10010
00101
10101
11101
10010
11010
10010
10101
10101
10010
10101
11101
00101
00101
00101
11010
11101
00101
11101
11010
11101
10101
10010
00101
11010
10010
10101
11010
10010
11101
10101
10010
11101
10010
10010
11010
00101
11101
00101
10010
10101
10010
10010
10101
00101
10101
10010
10101
11010
10101
10101
11101
10010
11101
11010
10101
11010
11010
